  -8.9869844e-02  -9.8974182e-03   6.4839254e-03   7.2749727e-04  -2.0338688e-03   1.1315870e-03  -1.3510627e-03  -4.0918452e-05  -2.4766895e-04  -1.2531010e-04   4.8177569e-04  -8.0907230e-05  -1.9813683e-05  -7.2043381e-05   6.3378910e-05  -1.4945921e-04
   1.1704954e-02   1.0798374e-02  -1.3936279e-02  -1.7355398e-03   3.7035768e-04  -1.1008225e-03   1.0608776e-04   1.0081232e-03  -1.1095381e-05   6.3685973e-04  -4.8349583e-06  -4.2889669e-05  -1.1400532e-05   1.3647710e-04  -5.1635625e-05  -3.3055294e-05
  -2.1428058e-02   1.1730578e-02  -1.0323266e-03  -2.7352618e-03   2.5793127e-03  -1.3227860e-03   1.2790366e-03  -6.9688675e-04   7.6726998e-05   1.3435149e-04  -2.2488729e-04   3.5389542e-04  -6.3509426e-05  -1.4909759e-05  -1.1736931e-04  -3.3060223e-05
  -8.8038141e-03   5.0253011e-03  -2.0302182e-03   6.6737436e-04   3.1922503e-04  -1.3467933e-03  -5.5734375e-05   2.2689571e-04  -4.1461922e-04   2.9736634e-04  -3.0933472e-05   1.5564161e-04   2.8667357e-05   3.8228456e-05  -7.1163920e-05  -3.1699566e-06
   4.1437033e-02  -2.3880691e-03   1.2839799e-05   9.6713273e-04   6.3702914e-04  -1.4192717e-03  -1.2540568e-05  -2.6522532e-04   2.4517784e-04   7.6665412e-05   1.7742465e-04   7.7951376e-05   7.3426146e-05  -3.8623034e-05   9.1145612e-05  -3.9899088e-05
   1.5847971e-01  -1.0298185e-02  -7.3487002e-03   2.6021602e-03   2.2270165e-03  -7.1710311e-04   1.3950318e-03  -6.2854542e-05  -3.7979581e-04  -3.1324409e-04  -2.7460868e-04  -1.5132076e-04  -1.0301849e-05   1.6226844e-04   1.0628123e-04   1.2630923e-04
   5.2471807e-03  -4.0517628e-03  -8.8397839e-04  -3.7416498e-03  -3.2948808e-04  -2.0761930e-03  -6.0456960e-04   8.8571229e-06   5.4216223e-04  -5.2233831e-04   1.1560835e-04   2.3423573e-04  -7.0484084e-05   3.8019817e-05  -2.8308498e-06  -3.9467144e-05
  -1.1802405e-02  -1.3625512e-03  -2.4257101e-03   1.3263978e-04   1.6555161e-05  -4.8078318e-04  -2.3959163e-04   1.7098284e-04   1.0478372e-04   2.3557116e-05  -4.2563404e-05  -2.1231339e-05   4.7130383e-05   2.8522087e-05  -1.0392432e-05   1.0387156e-05
   1.4250033e-03   2.4461466e-03  -1.8757145e-03  -1.6915629e-04  -2.2474506e-04  -9.0805136e-05  -8.2704676e-05   6.3571663e-05  -1.2788867e-04  -4.3148216e-05   5.6661197e-05  -6.3904819e-06  -1.1773831e-05  -3.1534845e-05   3.2151203e-06   2.0063921e-05
  -4.4490526e-03  -1.2404219e-04   8.4597848e-04   1.4235113e-04  -5.0638829e-04   1.5845910e-04   3.0979741e-05   1.6665611e-05  -1.9461677e-05   2.2587825e-06   6.5723542e-05   2.9794413e-05  -5.1478453e-06  -3.4189235e-05   2.7887259e-05  -1.8693559e-05
   1.6089592e-04   6.0648100e-04   1.0418584e-04   3.0683452e-05   7.8345463e-05  -8.9582379e-05  -2.2945823e-05  -4.0836703e-05  -2.4436351e-05   5.4854921e-05   3.2774620e-05  -2.9179465e-06  -2.5549066e-05   3.4684231e-06  -2.0748461e-05  -9.9917355e-06
   8.9014743e-03  -1.5595454e-03  -1.3179855e-03  -8.2567617e-04  -1.2097521e-04  -1.4627026e-04  -6.3020546e-05   3.3195234e-04   1.3140445e-04  -5.2778447e-05  -1.0933806e-04   3.1021470e-05  -4.3907498e-06  -1.7416578e-05  -3.1532139e-05   2.1844222e-05
   7.2095495e-03   4.5015223e-04  -6.0844112e-04  -2.8451987e-04  -1.7655490e-04   2.1451146e-04   2.8463994e-04  -2.8900233e-04   5.1071429e-05  -8.4010624e-05   2.0963712e-05   1.2842280e-05  -1.2124008e-05  -7.5144356e-06   2.6017679e-05  -1.5699940e-05
   1.6854814e-03   1.4485028e-03  -2.0758591e-04   6.0696701e-04   2.4666571e-04   1.6876644e-04   6.8627508e-05  -2.3043582e-05  -4.1444453e-05   1.0695313e-04   3.9595965e-06  -2.6106883e-05  -1.3742094e-05  -6.9283347e-06  -2.8281927e-05  -2.4956558e-06
   7.8281827e-02  -4.8251532e-03  -4.3924415e-03  -9.4488758e-04   6.1619260e-04  -2.9054937e-04  -2.6701762e-04   2.3384864e-04   5.7100417e-05   1.5496377e-04  -2.3135104e-04   1.8953463e-05   3.6110374e-06   1.9139343e-05  -5.5691659e-05   1.1134692e-04
  -8.2145861e-04   6.4156733e-03   3.6465732e-04  -4.2172696e-04  -1.9332295e-04  -6.1917679e-04   5.1784019e-04   2.9430363e-04   6.1452341e-06   1.8404315e-04   1.7323301e-05   5.8788536e-05   6.2957440e-06  -1.2181172e-05  -6.6420456e-05  -2.1951503e-05
   1.0569972e-02   1.0457312e-04  -1.3475754e-03   1.5639887e-04  -5.6304058e-04   4.5330698e-04   5.6029183e-05   4.1154597e-05  -1.2045757e-04   1.8475567e-05  -3.1870877e-05   6.6898415e-06  -2.5745405e-05  -1.8421402e-05  -9.2177785e-06   1.0110206e-05
   3.8238292e-02  -1.2014969e-02  -6.4178248e-03  -9.2650904e-04   9.7914561e-05  -5.1013826e-04  -7.9194947e-04   7.5077459e-04   8.3461343e-05   3.0458756e-04  -8.6667906e-05  -3.9245955e-06  -7.4793564e-05   3.2991274e-05  -5.6433868e-05   3.7997784e-05
   1.5843635e-02  -1.7840738e-03  -1.5588669e-03   6.1028265e-04   2.1583098e-04   2.8788732e-04   1.5696587e-05  -1.2522187e-04   1.6005280e-04  -8.6072708e-05  -9.7167478e-05   1.3710690e-05  -2.5020728e-05   1.5674129e-05   1.6362111e-05   1.5460286e-05
  -1.5837051e-02  -4.0020490e-03   6.2263037e-03   4.0008463e-04  -2.6522771e-04   2.0667114e-04   6.1016706e-05  -3.5558949e-04   3.3198879e-05  -6.6008683e-05  -3.2282758e-05   5.3062070e-05  -3.2968689e-05  -4.2704232e-05  -6.4822961e-07  -3.3408165e-07
   3.0235912e-04  -4.2339468e-04   1.1947947e-03   2.9349770e-04  -2.5781178e-04   4.5625224e-04  -3.0718104e-04  -8.5070100e-05   7.5894732e-06  -8.7924329e-05   3.2555124e-05  -2.6463783e-05   5.1166505e-05  -7.0109932e-05   2.5008426e-05   1.4147394e-05
  -5.3715487e-03  -4.1364856e-04   1.3583675e-05   2.2893569e-04  -3.9237781e-04  -3.9269433e-05  -1.7585624e-04  -1.0279477e-04   2.0591641e-04  -2.3718465e-04  -4.7042679e-05  -5.5755142e-05  -2.9205272e-05   5.8887073e-05  -3.5229439e-05   2.7913965e-05
   1.1092982e-02   3.3960469e-03   1.3618385e-03   4.6846878e-04  -7.9716198e-05   3.9888080e-04   1.9748566e-04  -1.1127644e-05   3.1454846e-04   9.9325907e-05   6.8876121e-05   2.1657491e-05   1.4355697e-06  -6.9723745e-05   2.3409909e-05  -2.1959757e-05
   5.7778487e-03  -1.9632043e-03   2.4523165e-03   1.5872669e-04  -1.1306116e-04  -2.9306003e-04   1.6301498e-05  -2.3628050e-04   1.1629845e-04  -1.7651879e-04   1.1509856e-05   1.2613056e-05   2.9909558e-05   1.1356100e-05   2.6819500e-06  -1.3224512e-06
  -5.6316764e-03  -1.8748160e-03   1.4585912e-03   4.1215838e-04  -1.4783955e-04   7.0325444e-04  -2.2999126e-04  -1.8447553e-04   1.4839087e-04  -2.3309481e-04   2.6884802e-05  -1.1051017e-04   7.3794797e-06   1.7599860e-05   1.8101369e-05   9.4009845e-07
  -1.2060281e-02   1.5356011e-03   1.9752183e-03   2.0236863e-04   1.0218187e-04   1.1382045e-03   4.0041572e-04  -1.6339717e-04  -1.7086980e-04  -2.9055670e-05  -7.6293532e-05  -7.4378608e-05  -5.2417009e-05   1.8800232e-05  -1.5525218e-05   1.2459372e-05
  -1.5978139e-02   3.0812198e-03   1.4734682e-03  -1.0749417e-03  -2.9439482e-04   6.2851440e-04   3.1757728e-04  -2.4373299e-04   2.6119793e-04  -9.0591171e-05   1.3969946e-04   1.0823404e-04   4.0465429e-06  -8.7661707e-05   2.9402613e-05  -6.6541969e-05
  -1.0643578e-02   7.4999692e-04   1.4747079e-03   4.2724833e-04  -2.7538681e-04   5.4769686e-04   5.9452854e-05   2.6249320e-05  -2.3346188e-04   1.1651987e-04  -1.5085511e-05  -1.0558644e-04   8.1065154e-06   1.3834063e-05   1.7387995e-06   1.0664603e-05
   3.1450166e-03  -1.3033015e-03   4.8381276e-05   2.5863775e-04   1.5410118e-04   1.1503106e-04  -1.5794489e-04  -1.3095439e-04   1.4756895e-04  -1.1953387e-04   7.9151069e-05  -4.7242724e-06   1.7093909e-05  -1.2786194e-05   2.4338209e-05   1.2845317e-05
  -6.3746900e-03  -7.0492161e-04   1.4169855e-04  -2.2819614e-04  -1.0185696e-04  -4.5077566e-05  -3.6847828e-04  -2.1500174e-04  -1.5662139e-04   9.3312471e-05   3.7243528e-05  -7.9876431e-05  -4.0285458e-05   2.6138676e-05  -2.3422232e-05  -2.7459692e-06
   4.0444736e-03  -2.2714269e-03  -8.4121379e-04  -3.9693681e-04  -2.4315795e-04   2.2929176e-04   1.1452131e-04   1.0975325e-04   5.0271165e-05  -3.2723164e-05  -8.0363729e-05   1.6645777e-05   5.9849545e-05  -3.7573238e-05   5.3102712e-05   3.1061450e-05
   1.7948640e-02   1.2207231e-03  -4.2020910e-04   1.1459512e-03   6.6074855e-04   1.8737394e-04   1.9457119e-04  -2.0488446e-04   1.4969366e-04  -3.2669723e-05   3.2008199e-05  -7.5272583e-05   4.4369365e-06  -5.9260909e-05   5.6487333e-05   1.4877406e-05
  -1.2416266e-02   1.3592614e-03  -3.8993209e-04  -8.9886002e-04  -1.6862385e-04   4.1847920e-05   7.9526207e-05   1.7470713e-04  -1.2318843e-04   7.0746182e-05  -9.5256409e-05   3.2446617e-05  -3.4947392e-05   7.0277713e-06  -4.1248416e-05   1.1717134e-05
   1.6523137e-01  -1.7477072e-02  -1.4412920e-03   7.5447681e-03  -9.3528532e-04   3.0342799e-03  -3.1562405e-04   2.6003344e-04  -3.6886157e-04  -9.2932930e-05   2.5198003e-04  -7.4027288e-04   1.6491630e-04   8.3299488e-05   3.1058984e-04   1.0318560e-04
