  -1.3623639e-02  -1.3745442e-02   5.1221379e-05   2.4278573e-03  -2.1435579e-03   4.1778290e-05  -9.7194026e-04   3.3851902e-04  -3.5494342e-04  -1.3245265e-04   3.5065231e-05  -1.9775854e-04  -2.0582323e-05   5.3519775e-05   7.4464894e-05  -1.5142985e-05
   1.9063737e-02   1.3581323e-02  -1.4545310e-02  -1.5722204e-03   4.4447081e-05  -1.0938809e-03   1.3310738e-04   1.0950852e-03   4.6586994e-05   7.0661498e-04   3.1770548e-06  -2.7981654e-05  -3.1137476e-06   6.8486988e-05  -5.5581926e-05  -3.2172114e-05
  -1.0342186e-01   1.1725514e-02   1.1098397e-03  -4.5363839e-03   1.4665509e-03  -1.0161290e-03   6.6241544e-04  -2.9338667e-04   4.1693095e-04   3.1157758e-04   5.1069415e-06   5.6471207e-04  -8.2564135e-05  -1.8185349e-04  -1.8389798e-04  -9.1326391e-05
  -1.1156080e-02   7.0681491e-03  -2.5709193e-03   1.1998723e-03   5.7893612e-04  -1.2238888e-03  -2.4563442e-04  -1.2174373e-05  -3.5174109e-04   3.6118817e-04  -8.4756819e-05   8.0904688e-05   3.0192758e-05   9.7502661e-05  -9.3308800e-05  -1.9366709e-05
   3.6630097e-02  -2.2716197e-03   2.0610368e-04   1.1665087e-03   5.9537302e-04  -1.4349255e-03  -1.4290371e-04  -4.3655057e-04   3.1437059e-04   1.1137550e-04   2.1879748e-04   7.3187586e-05   5.5294648e-05  -3.5961576e-05   8.4384157e-05  -4.7610652e-05
  -7.1015608e-03   2.9033957e-03  -4.3126377e-04  -8.6185178e-04  -3.7552249e-04  -3.7878668e-04  -3.8583630e-04  -9.3355175e-05   2.4799215e-05   1.4628500e-04   1.3144969e-04   8.6510017e-05  -4.5457958e-05  -4.9223219e-05  -3.6219145e-05  -1.7651816e-05
  -1.0054770e-02  -4.0457223e-03  -3.5421510e-04  -3.2208822e-03  -1.4858376e-04  -1.8330773e-03  -6.3738197e-04  -1.2114335e-04   5.9556442e-04  -5.8321402e-04   2.7425807e-04   2.5681838e-04  -1.1248542e-04   4.6920133e-06   1.5508147e-05  -5.7162877e-05
  -1.2715696e-02  -4.6744132e-03  -4.8518256e-03  -5.4900836e-04  -6.3360440e-04  -5.8099955e-04  -6.2850708e-04   4.0292190e-04   1.6861822e-04   1.8467149e-04  -8.1601302e-05   3.3517499e-07   1.4077327e-05   3.1964976e-05  -4.1280437e-05   1.2849358e-05
   3.4674464e-03   3.6394688e-03  -1.1509132e-03  -6.9181651e-05  -2.3591755e-04   7.0023044e-05  -2.4186283e-05   6.5129428e-05   7.0970734e-07  -9.6074681e-06   9.0299663e-05   9.8133211e-06  -2.0284194e-05  -5.6632385e-05   8.4746246e-06   9.1720861e-06
   7.1284633e-03  -8.8474637e-04  -3.3329386e-05   5.7293979e-04  -3.7608394e-04  -4.9262899e-05  -7.7107090e-05  -2.1442529e-05  -1.3496894e-04   2.1952400e-05  -1.9978913e-06  -3.2077163e-05  -1.7339762e-05   2.1849717e-05   2.5957013e-05   2.1571085e-06
   2.2662626e-03   5.8017814e-04   1.0812083e-04  -1.1780940e-05   9.6863775e-05  -1.2188760e-04  -2.1537016e-05  -4.3407024e-05  -2.1753101e-05   5.6126914e-05   2.9554717e-05   4.9720523e-07  -2.3345948e-05   4.8622834e-06  -2.2767752e-05  -8.9042439e-06
   1.6138392e-02  -1.6899548e-03  -1.2895855e-03  -6.4746732e-04  -2.1103220e-05  -1.0840973e-04   2.0995363e-05   2.8332564e-04   8.7409589e-05  -7.0404940e-05  -9.8268965e-05   1.7715238e-05  -5.9601578e-06  -1.3408602e-05  -2.9453993e-05   2.2835515e-05
   1.4752833e-03   2.3362274e-05   2.9182703e-04   3.7810450e-05   1.3069864e-04   9.1929367e-05   1.8200245e-04  -1.8666829e-04   3.1383337e-05  -8.5933493e-05   2.9517717e-05  -9.0399042e-06  -1.8772083e-05   5.5788189e-06  -8.0903291e-06   5.1251893e-06
   2.6845275e-03   1.6149442e-03  -1.8188411e-04   5.5949675e-04   2.6242182e-04   1.4965912e-04   6.8442594e-05   4.4602710e-06  -3.8018699e-05   1.2082277e-04  -9.5481261e-06  -2.5529021e-05  -7.5783770e-06  -2.9397998e-06  -3.5184921e-05  -2.4838508e-06
   7.5789633e-02   1.3660420e-03   5.4176854e-04  -8.2379824e-04   1.7631394e-03   5.7763740e-04   5.8472646e-04  -1.3956034e-04   2.0472711e-04  -1.0791943e-04   3.3066541e-05   1.1346884e-04   6.9812310e-05  -1.0424850e-04   2.2353416e-05   3.0480625e-05
  -1.8698517e-02   5.2188926e-03   4.4919093e-04  -9.4477018e-04  -5.2979539e-04  -6.1608416e-04   1.2512862e-05  -1.5263283e-05  -2.5032497e-04   3.1878036e-04   4.0633313e-05  -3.8986462e-05  -3.6613689e-05   4.8816066e-05  -9.2326953e-05  -2.9042463e-05
   2.4642675e-02   1.1887232e-03  -1.3272144e-03   1.0352589e-03   2.0976338e-05   5.5206069e-04   2.5092504e-04  -1.4483650e-04  -4.9171734e-05  -2.0433188e-05  -8.1833755e-06  -5.9281137e-05  -2.5417178e-05  -5.6428388e-05   3.2735274e-05   2.0654705e-05
  -7.0815832e-03  -2.6262942e-03   5.5047150e-04   3.7421192e-04   3.7763870e-04  -3.6377438e-05  -2.8449464e-04  -1.2718607e-04   2.8224956e-06  -8.1835868e-05   1.1065973e-04   4.5581069e-05  -4.1704134e-05   5.3680662e-05  -2.0556220e-05  -2.7432927e-05
   1.3477940e-02  -1.5055231e-03  -9.7389740e-04   5.4959845e-04   1.6738675e-04   2.7829745e-04   4.5327585e-05  -1.1914772e-04   1.5930543e-04  -1.0807786e-04  -7.9200565e-05   3.4575099e-05  -2.9628494e-05   1.3743996e-05   1.1801874e-05   1.3841317e-05
  -1.9744876e-02  -5.3601517e-03   5.7539586e-03   3.6530712e-04  -9.7706798e-05   4.3817724e-05  -4.9909362e-05  -4.0501735e-04  -7.7732057e-05  -1.2499728e-04  -5.1983747e-05   3.7766776e-05  -2.8777832e-05  -6.4760287e-06  -4.4324605e-06   8.5971075e-06
  -4.6829572e-03  -1.0750613e-03   1.2075627e-03   2.4714642e-04  -2.4943468e-04   4.6890370e-04  -2.6650480e-04  -5.5861595e-05  -1.0010674e-05  -9.3500673e-05   2.4512107e-05  -2.9028090e-05   5.5607769e-05  -6.4166532e-05   2.7975625e-05   1.6860204e-05
   6.3612348e-03  -1.1883177e-03  -2.0482068e-05   1.7646045e-04  -1.9314496e-04  -3.1488466e-05  -6.7533606e-05  -1.1576599e-04   1.8719558e-04  -2.7800010e-04  -5.3558481e-05  -6.5242973e-05  -2.4201690e-05   6.2115986e-05  -2.1011297e-05   2.9228736e-05
   5.5952082e-03  -1.4736721e-03  -2.7130027e-04  -5.8164745e-04   3.0570091e-04   1.8345779e-05   1.0420669e-04   6.0948269e-05   1.4277847e-04  -8.4492710e-05  -1.0637876e-04   8.8504909e-06   4.6177906e-06  -4.1865140e-05   3.2628759e-05   1.2845636e-05
   5.4455788e-03  -2.4137633e-03   2.5655032e-03   7.2324373e-05  -7.2690871e-05  -2.7854168e-04   1.2715983e-05  -2.3076523e-04   1.1344954e-04  -1.8589722e-04   7.1976303e-06   1.2998951e-05   2.4907011e-05   2.3171405e-05   1.5660708e-06  -2.5660897e-06
  -7.2972593e-03  -1.7856230e-03   1.6448374e-03   5.0911343e-04  -2.1547450e-04   7.4965132e-04  -2.2526657e-05  -1.8942274e-05   2.0889262e-04  -2.8022213e-04   3.5318458e-05  -6.2956109e-05   2.7814374e-05  -1.5672488e-05   3.0975117e-05   4.4065090e-06
  -1.7876666e-02   7.4389736e-04   2.0066326e-03  -2.8724478e-04  -2.0659145e-04   1.0947318e-03   3.1610340e-04  -4.2364512e-05  -2.4108554e-04  -4.7081885e-06  -1.1320524e-04  -4.7134369e-05  -5.5461828e-05   4.4741657e-05  -4.0833423e-05   7.6098357e-06
   1.0759110e-02   2.8345612e-04  -5.0960592e-04   3.3756754e-04   3.6583441e-04   1.6996104e-05   1.6595810e-04   1.3228127e-04   7.5420229e-05  -2.8717787e-05  -7.2399863e-05  -4.1815615e-05   6.2896464e-05  -1.3192649e-05   3.3673946e-06   2.0532568e-05
  -4.8985449e-03   6.3619817e-04   1.0018186e-03   4.5124159e-04  -2.9754234e-04   4.7945479e-04   3.6496441e-05   2.3333206e-05  -2.5164001e-04   1.2954275e-04  -7.0451000e-05  -1.3600322e-04   2.2678119e-05   3.1746765e-05  -8.3364387e-07   1.8895618e-05
   4.2822246e-03  -1.2046284e-03   1.3995770e-04   2.3506888e-04   1.5635937e-04   1.0976439e-04  -1.2460852e-04  -8.9965858e-05   1.5221031e-04  -1.3808938e-04   8.9497931e-05   7.7773288e-06   1.7788697e-05  -1.7616396e-05   2.7520648e-05   1.4384897e-05
  -1.0199014e-02  -1.6025253e-03   7.2264878e-05  -6.7930514e-06  -3.8350212e-04   1.3622936e-04   7.9197051e-06   5.6407805e-06  -1.5209493e-04  -4.2723023e-05  -2.0818511e-05  -9.7000105e-06  -2.6768556e-05   3.7228310e-05   2.7974363e-05  -9.0920249e-06
   3.2378639e-03  -2.5772930e-03  -7.8721618e-04  -5.7343026e-04  -3.2036244e-04   2.1096693e-04   1.4721588e-04   1.4668589e-04   3.4086097e-05  -4.8812537e-05  -7.1954874e-05   3.4653867e-05   5.5939031e-05  -4.7179818e-05   6.0471890e-05   3.3608888e-05
   1.2069893e-03  -1.4613098e-04   5.7419243e-05   1.1140764e-05   1.2068214e-04  -3.2669926e-05  -1.7784760e-04   8.8166388e-05   4.2517923e-05   1.2327001e-05   3.2362717e-05  -2.8330806e-05   2.9382325e-05  -2.8233046e-06   4.2422269e-06  -2.9863150e-06
  -1.2636608e-02   1.6325389e-03  -3.8751185e-04  -8.7764545e-04  -1.0466117e-04   5.8382728e-05   1.2556449e-04   1.8553566e-04  -1.3122449e-04   5.9198669e-05  -9.7960975e-05   2.9640829e-05  -2.3730641e-05   1.4788828e-06  -3.4647567e-05   1.3473783e-05
   2.0792182e-01  -1.8152975e-02  -2.3541226e-03   6.9252016e-03  -1.2302256e-03   2.5328632e-03  -3.3206146e-04   3.7988317e-04  -6.0646441e-04  -5.9391819e-05  -3.0691450e-05  -8.2403576e-04   2.1287022e-04   1.6431303e-04   3.4615541e-04   1.4269400e-04
